176 28
140 9
171 36
90 1
157 5
143 58
152 48
158 96
141 65
173 94
142 8
124 53
122 6
174 70
144 98
138 48
160 10
133 45
180 76
159 71
119 26
128 67
89 69
161 44
108 18
151 73
103 51
114 24
116 42
94 89
145 78
182 44
121 45
101 12
125 35
91 44
139 24
156 86
115 64
154 58
137 81
155 49
123 43
167 81
149 69
135 68
165 22
126 81
183 13
93 60
148 65
99 95
96 1
109 -1
153 33
162 16
130 27
146 1
92 79
131 100
134 98
111 71
164 50
102 63
113 57
127 -1
147 85
175 44
88 72
163 39
97 95
106 91
100 76
118 8
150 37
117 92
105 90
136 30
120 40
107 10
112 44
87 12
177 87
