100 10
172 34
105 48
117 90
118 86
124 14
151 32
169 93
113 14
140 64
167 30
146 54
102 91
101 37
138 89
87 26
94 -1
99 36
152 41
129 51
182 95
128 78
122 47
92 32
98 88
90 50
176 35
127 40
179 55
177 72
130 27
91 49
88 67
174 99
153 68
112 85
139 80
120 32
132 3
143 7
164 93
156 3
183 79
178 87
175 1
93 53
171 26
163 57
160 85
119 20
123 -1
106 11
134 88
137 37
126 15
173 46
145 84
165 68
142 59
149 69
162 96
170 -1
133 91
103 98
111 17
97 14
168 53
116 100
154 16
158 12
109 27
181 88
107 5
155 3
131 3
114 17
161 73
125 35
104 48
121 49
135 27
141 89
150 50
144 11
96 2
148 83
159 76
180 69
89 -1
108 25
