276 62
306 45
289 57
328 94
323 100
310 89
353 79
354 1
362 86
357 94
315 99
311 73
343 6
305 22
325 41
279 -1
350 16
298 39
339 60
294 29
285 85
349 64
314 3
277 70
351 13
334 -1
308 59
281 99
346 94
365 78
300 63
361 50
282 94
296 -1
297 17
340 87
348 75
319 21
364 76
322 -1
283 95
275 47
366 19
344 4
304 69
335 94
290 53
331 78
303 29
284 -1
332 9
309 43
299 29
337 80
301 79
287 62
359 35
293 34
329 36
280 31
318 57
321 35
342 71
288 6
355 59
278 28
313 41
330 70
363 60
347 41
316 48
341 96
274 15
312 19
291 40
326 30
273 48
307 2
338 48
352 46
286 51
