236 64
262 33
198 11
206 59
264 -1
202 70
209 31
212 75
217 62
216 42
241 78
184 57
265 80
268 73
199 50
228 94
253 59
230 19
254 4
249 -1
231 94
188 -1
235 58
233 40
214 88
260 90
261 26
207 86
224 82
248 71
222 89
218 16
211 -1
190 56
232 18
250 79
266 35
194 58
270 43
238 71
229 98
234 21
210 6
257 92
219 85
200 81
215 97
196 30
243 75
251 64
193 -1
242 88
208 96
237 82
223 64
247 9
201 -1
269 94
191 90
246 32
259 37
267 -1
245 51
252 57
255 6
185 51
195 95
205 100
189 65
213 80
227 98
186 100
187 96
239 51
258 5
197 41
203 -1
256 49
221 91
220 59
226 99
240 35
204 -1
192 61
225 11
263 80
