177 38
138 1
125 22
182 92
147 19
162 63
93 82
165 51
135 76
131 72
95 4
114 39
87 73
98 43
89 86
124 50
145 91
168 6
102 43
107 73
97 9
141 9
104 9
171 36
109 82
181 94
158 72
106 39
176 86
179 29
166 79
132 13
96 56
169 31
167 22
155 84
180 23
139 16
149 77
143 56
126 76
122 49
105 10
88 90
163 85
148 4
110 42
113 52
123 18
118 46
130 97
94 70
92 29
142 17
160 62
91 72
108 66
117 88
140 21
153 12
120 79
152 -1
174 68
156 -1
112 79
173 36
178 49
172 40
100 94
111 33
134 80
136 98
129 58
154 55
121 31
128 95
157 78
133 49
103 55
119 29
116 71
170 20
146 32
150 3
183 14
101 67
90 62
164 73
175 -1
