310 21
314 43
318 14
286 75
292 41
328 85
311 93
335 85
354 92
344 86
364 11
308 49
312 71
329 93
362 28
287 7
352 75
360 81
322 53
338 60
289 35
276 68
305 37
278 72
291 49
306 24
299 41
317 21
319 33
366 16
359 68
348 55
316 10
363 53
343 60
332 97
282 10
346 98
351 69
283 84
345 21
293 16
304 85
347 74
296 72
273 11
284 24
337 56
281 52
321 6
320 66
313 83
277 50
301 27
349 19
275 60
323 -1
315 47
288 92
290 17
330 52
309 52
279 -1
302 99
353 99
325 34
355 2
274 56
280 21
341 6
342 98
334 100
300 40
340 6
336 69
350 74
297 77
295 40
294 56
303 39
327 97
339 56
333 31
