383 51
374 50
384 74
415 1
435 54
423 53
404 78
460 7
378 63
409 92
449 40
397 85
431 69
391 84
450 28
440 68
405 37
456 95
455 83
393 57
392 -1
433 57
443 64
400 1
452 51
410 17
442 34
395 61
454 -1
434 22
399 82
373 80
463 87
419 89
453 88
447 35
427 19
430 43
438 1
437 2
371 15
416 54
403 -1
377 99
457 68
367 38
394 48
461 68
382 -1
432 12
407 85
379 58
402 60
417 14
375 40
439 20
398 42
370 11
387 23
462 90
386 6
413 21
418 54
381 38
424 1
425 11
421 -1
420 63
368 5
389 72
459 57
436 74
396 58
446 -1
429 41
448 57
422 38
444 3
414 88
376 58
408 27
390 83
411 58
426 34
388 48
458 50
