212 -1
213 40
226 67
214 89
262 15
255 38
238 98
196 71
220 12
195 11
215 17
228 13
248 14
242 8
225 90
234 33
252 18
239 90
253 87
258 45
211 96
187 16
270 27
263 64
209 85
208 86
188 42
230 75
267 -1
200 8
254 88
194 21
197 77
231 66
250 -1
246 18
199 85
223 8
205 65
186 35
268 6
189 24
269 70
191 26
272 100
227 15
260 1
235 72
204 -1
207 1
232 14
202 65
264 81
256 43
237 39
222 18
206 -1
233 43
259 92
271 100
210 50
193 61
190 86
217 49
261 43
221 51
219 61
266 66
229 29
236 29
249 99
241 38
192 41
185 66
243 -1
218 61
245 62
244 4
