175 60
131 3
100 26
129 74
142 1
168 21
107 -1
176 20
95 91
160 20
114 23
158 5
136 9
104 24
118 17
139 8
172 60
121 28
94 3
120 45
119 56
88 36
165 8
89 39
167 57
137 65
163 32
181 80
152 32
155 74
101 54
126 59
130 92
169 53
110 23
133 14
90 63
173 -1
105 3
171 -1
143 49
132 62
170 88
180 56
111 74
116 96
174 64
123 6
112 14
93 26
146 -1
113 6
106 31
159 62
177 67
115 35
108 41
124 13
99 77
91 64
127 37
117 65
182 -1
151 86
140 -1
141 1
109 7
156 66
178 16
154 39
125 28
161 40
179 34
162 2
148 54
122 47
92 48
157 2
128 26
87 81
166 83
98 44
134 67
150 19
96 42
