119 80
98 95
113 18
112 62
140 49
133 48
91 79
127 18
181 98
165 17
160 40
166 95
156 -1
94 55
145 68
164 11
128 87
178 42
170 64
148 49
132 62
105 8
110 61
171 26
182 29
161 41
95 16
118 59
93 53
103 1
102 65
149 18
106 82
108 57
150 98
121 -1
155 18
87 24
151 82
141 18
101 74
122 30
157 99
114 55
125 39
147 59
126 87
180 -1
99 38
163 78
111 89
120 4
174 81
96 17
154 74
176 28
168 10
123 51
131 11
167 45
104 7
117 48
173 37
137 38
179 6
88 80
92 64
172 97
175 81
107 22
116 19
100 35
130 13
183 99
139 58
142 77
158 79
136 69
138 15
90 13
143 64
177 13
89 79
124 54
159 90
115 39
144 91
97 19
153 42
