440 81
428 23
439 59
443 -1
445 89
397 100
378 3
398 53
375 63
431 68
425 69
422 36
460 99
389 94
377 51
427 57
450 -1
444 62
406 52
402 47
456 4
418 48
374 95
429 3
412 99
442 77
368 21
376 85
405 -1
391 30
434 76
461 80
414 23
448 8
410 39
437 73
453 62
394 7
449 -1
420 47
385 68
399 11
408 56
381 72
404 31
387 60
369 37
403 22
407 -1
432 59
382 65
462 97
386 33
401 22
446 69
396 73
409 90
436 -1
417 73
390 82
463 81
459 20
388 36
393 70
413 45
421 19
371 78
457 7
370 69
455 76
395 29
400 3
424 87
451 70
426 1
392 83
452 68
373 100
447 96
416 76
367 92
383 17
