233 67
248 81
231 1
188 85
262 23
199 60
259 -1
256 36
246 38
230 29
207 53
226 68
243 61
220 75
201 91
236 84
271 2
261 90
240 86
239 70
214 74
216 3
191 63
223 74
210 43
194 69
217 81
204 42
198 86
234 10
193 90
208 67
253 82
267 76
255 82
195 10
221 -1
242 41
196 73
266 32
244 40
252 9
186 90
224 47
203 -1
202 46
258 87
218 20
200 8
251 96
219 38
190 24
268 99
215 -1
249 86
187 64
222 26
250 -1
228 77
270 50
227 26
213 95
185 31
211 57
260 52
245 47
206 97
254 22
237 -1
272 77
263 9
235 35
247 83
184 75
225 77
241 92
269 27
264 15
232 66
229 11
205 93
189 96
257 -1
192 -1
