257 91
209 42
189 16
205 95
251 32
201 87
271 9
229 25
260 47
222 81
231 7
232 100
188 65
266 99
190 70
194 24
242 63
243 90
245 43
241 67
197 63
252 20
258 30
200 37
211 99
256 98
212 50
268 -1
269 26
236 76
255 35
223 25
253 42
237 75
248 19
207 30
185 -1
202 66
199 30
239 6
227 -1
235 61
216 38
234 55
219 15
263 84
240 69
250 32
214 -1
208 28
247 65
238 75
217 79
267 82
244 71
206 19
270 4
226 56
198 30
220 65
254 31
192 19
262 63
203 52
230 42
215 77
187 65
225 71
191 93
224 79
193 61
186 6
195 77
249 2
204 49
272 2
233 88
