454 7
463 74
376 76
384 26
369 40
405 45
412 58
429 52
383 12
382 49
453 97
408 79
435 68
374 42
439 8
379 69
421 83
411 31
424 85
400 37
441 78
395 86
401 61
458 91
434 72
389 97
415 12
449 73
420 60
372 62
414 33
448 -1
402 3
423 69
457 9
431 64
427 43
391 -1
438 98
417 5
430 71
462 11
392 30
381 56
452 24
432 18
371 66
399 5
380 60
459 53
445 58
450 -1
393 7
416 18
428 56
437 64
378 75
370 68
436 8
455 10
385 97
409 33
451 47
367 9
388 15
433 71
419 4
397 13
446 63
460 95
394 22
422 -1
396 73
410 72
418 85
440 75
398 67
442 18
444 -1
386 65
426 68
447 42
456 88
461 38
373 45
