394 43
445 -1
373 11
461 44
382 76
398 6
375 99
377 40
402 35
409 43
410 63
438 37
371 -1
401 27
457 63
458 4
378 34
399 18
451 82
393 71
431 94
440 5
403 53
372 24
369 57
386 20
404 100
432 15
450 18
381 20
442 80
395 84
428 95
456 32
368 -1
392 6
444 77
441 90
423 67
379 21
384 69
419 15
448 3
414 27
439 96
452 9
416 17
408 38
406 29
435 62
385 93
367 95
447 20
387 60
370 35
407 50
427 50
420 36
413 4
446 17
417 11
426 29
383 21
459 68
455 6
425 6
412 -1
422 9
449 54
391 52
434 7
421 69
400 13
411 37
436 52
453 86
396 43
443 11
376 3
397 28
437 60
405 30
463 59
374 14
462 91
