346 54
287 28
283 81
323 100
360 90
310 87
347 32
345 50
354 83
306 94
286 43
280 2
356 68
302 52
315 82
313 73
294 80
296 53
364 3
299 90
341 54
332 95
334 99
333 15
349 91
359 2
352 2
303 8
338 33
285 49
282 30
342 5
335 54
351 -1
353 59
318 71
281 3
300 15
304 16
309 62
275 93
339 58
327 88
331 7
274 73
336 97
350 -1
330 60
298 66
295 38
322 89
308 52
311 1
340 39
358 67
316 30
277 73
319 76
326 45
305 43
312 93
314 52
307 76
320 29
362 9
348 37
363 50
365 4
366 88
321 40
288 4
279 46
328 55
276 83
361 59
325 41
290 99
293 -1
329 100
273 64
317 66
337 91
344 46
301 81
355 17
357 34
289 62
