204 31
222 75
214 56
228 40
243 38
185 30
253 -1
197 7
190 42
216 9
262 62
271 9
256 21
189 42
201 89
223 65
208 20
242 36
265 33
258 36
188 5
234 97
254 3
215 92
272 74
220 13
264 27
239 84
202 6
267 46
186 72
238 49
205 18
192 -1
233 45
187 3
255 33
229 94
198 55
263 88
231 15
249 5
226 3
246 86
195 56
191 5
252 50
194 75
212 93
247 11
213 48
199 99
219 85
184 92
224 16
232 95
196 98
237 54
217 39
270 -1
240 67
244 14
259 87
225 96
221 18
207 49
268 39
218 42
257 45
203 68
236 16
227 17
260 29
251 31
241 69
248 45
211 86
269 79
235 14
