187 93
192 70
196 71
266 51
253 7
218 81
224 68
191 40
242 6
231 87
270 75
225 92
227 23
219 80
197 11
257 20
256 -1
210 81
212 33
249 43
198 -1
268 58
226 98
189 -1
243 78
230 -1
209 76
237 49
228 41
200 85
246 81
211 65
213 30
221 35
199 82
252 63
208 52
255 18
207 92
203 -1
222 99
251 5
220 83
250 56
233 28
263 83
205 26
244 3
258 43
245 40
204 92
261 25
223 35
260 51
259 32
206 28
186 19
195 16
240 86
235 40
239 21
184 89
265 34
215 22
254 58
234 21
202 97
217 27
193 44
229 74
264 8
272 83
194 38
267 -1
247 62
262 -1
185 53
232 9
