151 27
154 89
160 95
146 36
183 11
98 21
148 6
109 37
162 22
143 15
182 59
176 56
137 40
173 99
149 14
113 25
104 82
112 73
161 65
178 8
117 62
118 2
114 99
127 34
96 16
124 65
174 28
123 96
134 90
140 79
97 7
107 17
93 11
177 14
168 20
87 4
165 30
153 5
155 85
175 34
105 63
122 91
129 -1
180 22
119 2
121 44
159 45
126 28
89 80
135 80
101 50
164 87
115 6
92 93
102 56
139 66
133 62
181 56
172 93
106 5
167 73
163 -1
91 8
95 21
142 86
130 18
90 50
169 42
125 50
170 77
157 85
132 11
179 16
88 83
158 25
156 52
131 70
120 94
94 23
171 -1
145 48
141 30
144 20
150 94
99 10
152 97
138 34
