245 34
209 48
203 47
217 93
185 97
220 84
248 90
230 67
232 71
228 66
270 56
192 7
194 18
211 47
207 73
234 35
213 9
196 55
254 56
243 51
215 29
267 71
229 50
249 71
263 97
200 54
187 68
190 80
202 17
244 55
233 73
264 51
262 17
231 57
222 42
224 73
235 45
257 43
198 42
189 18
186 37
269 84
219 63
226 37
250 3
225 14
236 82
272 41
218 51
256 7
238 24
259 87
241 91
206 42
214 30
255 40
268 86
237 89
216 80
191 19
201 4
240 29
252 29
223 61
260 26
212 46
188 16
193 59
205 -1
208 66
227 82
221 99
242 10
261 7
247 45
184 81
199 -1
197 13
210 91
271 93
239 98
