453 11
457 57
443 13
383 96
454 18
414 65
367 -1
376 50
392 78
446 19
460 18
377 59
402 86
410 33
374 15
425 36
422 22
455 44
456 9
421 87
393 92
412 72
462 45
404 28
442 60
428 93
438 50
434 32
440 64
391 29
400 75
426 60
417 51
387 17
424 51
436 54
419 5
458 55
423 16
432 10
368 83
447 48
431 76
427 64
435 85
448 65
416 6
463 41
380 59
373 34
397 61
449 82
445 18
386 23
372 73
384 89
450 63
395 92
382 11
398 61
420 88
430 29
461 47
441 4
401 61
407 -1
452 42
381 57
390 73
371 27
437 76
394 -1
411 82
406 68
408 95
433 14
418 64
389 51
413 32
439 33
369 58
409 54
375 85
405 67
459 25
370 95
403 66
451 80
379 97
378 29
385 39
396 100
