323 49
330 76
317 23
336 52
295 19
327 44
340 16
351 65
343 14
306 98
287 98
346 6
274 96
276 59
309 15
332 22
321 31
282 93
366 21
298 19
307 -1
337 -1
280 48
319 74
312 25
353 17
331 81
349 59
314 10
283 -1
354 9
285 8
322 67
350 35
357 69
348 18
288 83
355 -1
308 26
299 -1
304 16
326 5
344 11
364 77
347 9
352 65
328 -1
325 59
361 42
305 47
358 51
345 19
300 87
342 13
301 48
279 38
290 4
292 73
277 7
284 42
324 14
286 44
329 58
360 53
365 2
335 47
310 53
296 24
275 78
359 61
311 29
273 -1
294 21
297 94
281 38
289 55
303 97
313 90
356 84
362 80
341 -1
278 70
302 94
320 9
363 89
338 12
318 58
333 96
