319 34
352 97
353 11
327 14
307 41
311 85
273 65
297 81
280 11
283 3
336 83
303 47
356 37
305 56
355 76
294 9
340 28
289 -1
332 8
312 81
275 17
325 43
348 30
292 50
326 83
277 76
298 42
358 43
354 52
330 63
328 70
361 35
309 49
333 51
302 12
324 17
334 70
357 22
341 27
346 35
276 -1
335 1
345 61
282 75
350 84
299 79
301 51
281 99
285 20
343 23
323 -1
351 43
284 40
338 39
322 99
365 54
306 61
290 50
274 39
360 73
314 82
364 3
321 72
316 25
339 51
313 90
344 -1
337 88
320 27
318 78
308 14
331 24
329 61
300 21
366 14
347 22
278 41
291 16
317 25
362 55
286 1
349 66
342 13
287 91
288 57
310 56
