435 84
443 62
424 43
441 69
446 85
380 11
381 52
371 95
373 75
431 92
437 16
425 61
402 35
382 38
451 71
453 46
440 67
395 87
457 22
408 65
375 45
415 34
458 10
456 62
428 45
368 76
386 5
399 79
448 15
412 84
397 68
421 85
391 93
414 55
385 90
445 23
462 37
444 86
392 93
433 19
369 83
450 54
384 44
417 99
455 42
422 6
419 50
372 38
461 4
374 16
416 41
396 88
442 79
434 52
390 47
423 16
406 56
439 26
463 25
379 54
367 69
452 24
410 49
393 87
454 67
447 58
426 28
389 93
418 51
370 38
376 43
427 98
459 16
409 37
411 56
438 40
405 4
429 38
388 -1
394 4
387 56
420 72
377 48
404 22
413 46
436 7
460 99
383 10
401 7
398 9
430 47
