363 69
305 82
321 77
349 52
332 31
361 13
285 63
329 99
313 67
308 69
288 20
336 68
359 39
362 -1
297 26
348 90
316 85
294 51
312 20
352 15
366 18
319 9
356 28
283 98
320 74
278 68
311 -1
281 60
286 69
333 22
334 91
338 59
364 76
300 -1
290 17
306 23
355 12
340 59
291 19
341 31
365 46
280 6
310 63
353 38
317 77
327 15
328 100
330 98
339 14
324 47
347 37
289 4
287 80
331 98
279 41
309 30
274 91
277 87
275 30
303 8
307 28
345 10
343 71
350 51
323 39
295 60
358 98
315 53
354 85
298 20
282 15
335 82
325 23
318 -1
322 96
284 27
292 35
326 68
337 35
302 38
301 77
344 58
299 45
351 59
304 15
