183 24
91 88
162 8
148 69
153 64
110 69
89 27
181 -1
176 21
151 67
111 98
115 -1
105 90
129 76
150 95
119 70
168 26
127 85
107 7
100 57
155 37
147 16
97 -1
128 98
125 37
90 93
94 43
158 66
108 21
156 39
103 49
160 -1
143 84
175 43
142 78
149 94
171 54
93 -1
136 15
154 85
87 79
114 50
139 42
152 82
169 9
135 18
180 9
120 71
178 45
104 55
117 19
102 36
165 34
118 88
123 29
138 3
163 91
140 -1
137 4
145 25
88 23
99 99
98 22
133 7
141 35
157 39
132 18
159 84
172 78
106 4
112 87
144 53
134 -1
124 92
174 41
170 100
116 83
131 11
164 45
113 53
166 89
