261 82
221 57
187 44
222 63
239 5
224 58
242 26
207 91
247 24
268 100
267 91
188 83
248 11
194 79
231 73
229 7
214 85
225 67
251 30
258 73
240 -1
266 45
243 27
201 60
186 56
250 25
190 9
233 64
203 60
260 89
220 15
265 93
262 86
213 14
263 46
269 83
249 14
245 94
234 57
193 64
200 69
259 46
237 52
236 -1
211 79
264 16
196 42
215 74
195 34
216 21
257 39
230 45
185 60
244 65
271 53
238 59
192 26
232 91
226 58
198 84
189 46
212 66
217 44
209 3
228 12
255 93
254 42
227 17
246 56
223 3
256 53
205 99
204 1
208 49
241 30
219 11
206 51
202 66
235 18
218 74
199 4
210 21
