353 5
344 58
288 34
315 85
300 91
361 36
316 50
302 48
352 92
355 91
313 23
279 84
346 -1
290 20
328 33
356 45
273 32
283 53
331 73
334 26
277 47
354 70
324 92
303 5
337 69
332 9
351 51
286 52
304 87
336 -1
278 30
314 64
357 45
308 83
276 50
342 74
298 93
326 80
311 73
359 100
340 -1
296 9
274 36
281 64
293 7
287 62
364 5
362 87
360 7
333 34
325 19
299 -1
284 95
310 45
366 18
282 69
309 36
365 -1
338 36
306 55
348 56
345 54
297 56
321 87
341 51
335 98
329 92
339 77
343 84
301 55
350 31
317 43
358 78
322 73
285 65
275 91
363 79
319 99
327 57
305 94
280 59
291 16
307 85
295 44
330 -1
294 65
347 51
320 11
289 98
312 66
