299 75
302 93
354 47
363 25
285 62
297 17
319 48
350 41
349 8
286 80
322 98
345 68
308 40
304 48
280 43
276 40
311 47
320 7
288 19
273 29
340 17
289 96
283 17
298 3
284 13
336 100
303 72
365 -1
274 48
295 99
326 43
313 78
338 86
366 65
342 16
318 25
305 51
339 78
321 73
291 45
293 78
335 28
337 4
317 29
279 80
347 11
325 -1
333 5
360 28
327 52
307 41
328 9
362 72
281 14
277 81
301 22
359 66
315 44
314 62
352 44
287 27
357 16
316 84
310 95
300 75
332 23
353 84
292 11
348 79
306 -1
334 89
355 70
294 -1
341 68
323 47
344 94
358 59
312 55
282 74
330 30
275 78
309 5
290 83
278 83
351 16
356 88
