409 67
404 92
410 31
397 5
426 80
416 60
376 7
418 78
380 68
432 32
424 8
459 91
382 71
427 22
431 99
371 35
390 11
378 49
461 58
402 26
401 52
368 57
396 73
398 18
372 -1
405 32
433 51
373 32
442 82
453 39
408 10
455 53
391 100
425 71
387 45
417 56
393 32
403 28
388 16
444 77
443 4
385 20
394 14
463 78
456 30
370 -1
414 61
369 45
377 81
458 -1
447 29
406 61
452 34
415 91
440 6
386 46
389 88
460 85
422 84
421 84
441 25
449 71
454 34
407 87
384 22
437 63
435 71
428 91
423 29
400 1
438 51
399 3
436 83
446 21
462 10
379 39
383 1
375 56
434 77
450 42
439 52
412 48
374 53
430 78
367 11
420 88
457 53
395 57
