402 2
453 50
460 33
400 83
367 30
450 28
377 6
445 74
448 96
369 41
370 95
394 5
438 21
428 89
458 21
444 28
443 36
449 9
391 78
385 33
426 24
452 47
381 25
406 34
427 93
447 53
442 7
373 15
457 70
383 11
432 68
388 67
431 14
414 18
413 35
416 21
368 78
407 6
440 83
435 4
410 3
423 34
455 45
382 28
403 65
434 33
439 25
420 18
454 90
376 65
429 34
419 58
395 63
456 71
375 67
390 12
459 88
418 4
389 67
415 22
404 89
437 56
405 16
371 14
409 22
463 78
387 56
461 88
384 54
397 44
393 100
399 65
412 72
422 8
462 85
446 96
392 96
421 71
374 6
441 85
417 70
396 28
430 18
424 50
425 70
372 68
436 88
433 75
386 52
