392 5
431 91
398 16
395 40
419 22
396 59
424 95
401 63
417 47
439 51
422 31
369 13
455 73
383 13
450 12
382 83
445 92
443 1
399 53
410 28
372 11
456 83
421 59
377 52
448 21
441 46
428 93
436 62
433 73
368 32
416 84
411 47
406 16
389 22
405 51
434 5
415 82
386 86
380 25
408 84
429 -1
460 71
463 86
462 59
440 29
387 -1
391 46
404 56
367 -1
427 85
432 39
376 7
394 39
384 37
447 18
451 -1
375 -1
426 1
446 5
414 84
385 31
393 39
400 91
420 88
373 63
407 -1
402 96
453 65
403 86
412 23
437 31
413 24
378 -1
409 17
442 48
457 68
444 -1
390 80
397 28
438 40
418 94
461 2
458 41
381 37
371 28
379 28
452 33
374 -1
