270 33
272 87
195 23
207 45
186 50
227 72
198 81
226 89
194 40
185 87
251 20
197 36
204 2
255 15
217 69
243 5
258 50
222 92
241 -1
267 7
254 34
271 31
266 31
201 34
228 22
219 13
212 87
214 30
230 -1
248 53
268 79
236 12
245 56
196 51
223 42
225 14
262 69
221 82
247 27
209 44
193 82
210 61
259 36
206 58
192 60
263 10
231 97
249 80
211 9
215 100
234 32
244 25
264 93
238 41
187 41
261 13
188 78
224 40
213 6
269 49
242 75
220 60
233 58
229 77
199 40
191 12
232 70
205 14
189 5
250 40
235 40
256 84
208 90
184 96
190 87
246 28
252 72
237 14
216 75
218 74
203 75
265 92
