100 54
112 76
164 29
154 2
156 18
125 34
144 44
172 79
98 86
90 91
120 37
117 50
128 78
118 59
150 5
147 16
135 100
107 58
96 64
94 21
155 -1
151 64
88 19
113 34
131 84
138 32
160 35
182 28
171 83
175 95
87 -1
168 95
97 84
166 63
123 52
108 62
170 4
127 37
140 95
91 1
106 88
178 -1
159 25
149 66
158 24
180 26
133 55
153 21
92 20
179 85
152 61
143 24
115 42
136 46
132 50
122 8
109 88
104 89
137 10
177 75
183 19
119 22
161 90
169 25
121 98
111 91
163 100
145 52
174 37
124 74
173 51
130 46
126 85
99 1
103 56
134 13
142 55
139 33
157 -1
129 30
148 59
162 33
114 53
146 89
141 81
165 71
102 58
95 30
110 10
