276 62
311 66
310 60
357 69
364 65
359 64
304 92
282 72
361 46
288 26
348 97
279 7
302 13
298 61
331 39
277 9
273 36
328 79
293 62
338 45
312 -1
313 80
332 12
283 6
354 58
340 34
353 68
316 69
317 76
336 70
339 26
355 85
281 31
322 40
350 74
299 80
280 65
319 19
292 -1
335 42
305 63
307 42
295 89
347 8
341 28
286 49
365 91
366 25
284 46
308 20
362 94
349 13
326 90
358 39
275 66
300 72
346 8
287 30
330 89
329 16
352 94
290 61
325 71
315 48
320 44
289 21
363 86
294 65
351 16
334 62
333 61
356 1
296 18
323 41
309 5
285 67
297 62
291 6
314 97
337 14
278 14
343 93
274 85
360 53
345 66
344 45
