177 47
140 91
129 22
162 71
181 12
90 38
100 11
134 84
161 -1
180 74
127 95
135 23
132 4
141 52
114 90
168 72
105 39
120 93
131 64
146 84
110 47
150 89
151 20
157 79
163 3
164 80
128 55
107 79
126 38
121 57
172 59
99 8
136 59
137 20
178 95
125 82
96 57
124 54
130 51
143 85
175 9
88 56
115 62
156 47
106 35
95 49
112 87
102 31
122 -1
108 86
183 71
89 2
145 -1
148 -1
109 15
91 2
153 52
123 40
111 5
160 55
119 71
155 91
144 97
97 56
167 26
138 82
149 37
101 37
154 60
87 -1
152 13
165 24
170 76
182 14
139 47
94 54
93 94
142 95
98 -1
133 5
117 -1
169 9
171 31
104 49
147 95
92 91
