281 100
358 1
340 73
323 27
328 12
278 38
337 91
312 98
320 23
349 100
313 91
293 75
343 46
318 20
347 34
321 56
290 97
307 28
334 14
286 8
357 89
310 84
339 65
351 65
304 7
338 72
273 17
316 48
336 83
284 9
314 40
294 14
359 49
332 59
297 74
280 91
285 78
342 55
331 9
322 85
287 50
348 52
361 31
335 44
327 2
283 74
366 19
279 43
341 98
291 64
362 76
311 52
305 52
333 75
317 96
326 -1
325 100
295 22
324 68
363 26
364 98
289 46
292 74
275 43
282 -1
356 96
315 84
298 41
299 51
352 28
329 92
301 92
306 46
360 63
365 64
277 20
344 39
274 8
353 54
288 91
308 33
345 15
355 71
350 96
319 73
309 47
303 29
302 85
330 54
296 19
