120 26
139 68
92 12
172 14
156 80
173 30
158 31
103 42
90 77
96 -1
88 2
137 4
110 48
109 -1
102 40
122 89
112 -1
183 87
174 80
123 63
155 50
134 10
138 74
157 47
171 58
113 -1
143 28
179 17
108 14
177 70
91 15
161 16
141 99
136 42
142 34
105 79
97 46
145 75
178 83
95 22
159 61
181 70
167 7
130 79
150 13
153 37
126 15
116 -1
149 73
175 48
87 91
104 67
148 29
117 20
166 78
94 68
106 59
99 67
140 63
163 5
121 58
133 100
182 77
107 82
119 -1
169 77
164 25
135 1
151 66
176 11
115 48
124 72
118 18
131 -1
93 17
129 8
132 77
111 56
170 41
154 55
162 61
144 5
127 29
146 66
100 90
165 56
