404 67
419 51
393 90
441 57
430 63
386 100
456 45
463 52
422 20
445 20
391 22
427 6
420 59
416 33
410 34
436 -1
460 50
462 52
444 97
367 5
461 59
454 56
373 82
449 23
433 62
446 83
429 98
384 30
395 19
396 1
434 13
438 83
407 22
437 10
428 37
398 82
394 33
368 90
385 68
380 20
457 69
388 39
425 77
452 86
376 -1
431 77
402 38
409 65
447 8
423 14
371 17
451 78
408 66
375 12
374 55
418 68
421 75
389 54
399 -1
458 43
392 10
372 41
387 48
379 58
378 12
443 75
397 72
432 51
435 14
382 62
450 26
400 54
369 51
453 82
439 22
415 81
426 14
377 23
370 -1
406 92
414 11
440 40
383 93
405 68
390 76
424 98
