220 52
195 -1
231 59
203 90
236 73
260 33
218 77
198 -1
211 31
226 60
204 89
254 84
196 21
188 91
189 75
210 69
191 70
258 24
262 15
235 44
227 67
217 48
249 4
228 7
221 38
213 73
248 24
190 12
261 7
253 15
184 18
192 49
215 65
212 98
225 62
267 23
186 38
247 32
241 30
185 92
223 38
265 29
250 33
256 71
205 94
270 27
251 5
271 100
232 36
209 56
252 63
272 12
187 83
269 27
214 99
242 -1
263 61
266 9
193 38
245 72
239 21
244 63
219 68
243 69
224 60
201 30
206 68
246 70
230 95
255 58
208 -1
207 82
229 41
194 19
237 64
268 34
