431 744 59240
313 716 59236
463 661 59240
310 653 59236
329 647 59236
393 645 59240
51 644 59239
389 638 59240
226 635 59238
81 627 59239
453 626 59240
263 622 59238
428 622 59240
420 619 59240
395 618 59240
69 617 59239
44 608 59239
13 606 59239
22 605 59239
275 603 59236
207 602 59238
29 599 59239
396 596 59240
225 594 59238
217 591 59238
348 589 59236
222 585 59238
128 584 59237
462 577 59240
335 575 59236
187 573 59238
232 570 59238
174 568 59237
404 563 59240
281 560 59236
460 557 59240
231 556 59238
172 554 59237
274 547 59236
305 547 59236
315 542 59236
41 541 59239
67 541 59239
124 541 59237
269 539 59238
385 539 59240
90 538 59237
363 537 59236
373 537 59240
427 537 59240
287 535 59236
111 534 59237
302 534 59236
154 533 59237
301 532 59236
88 528 59237
8 527 59239
224 523 59238
78 522 59239
120 521 59237
277 520 59236
408 520 59240
409 520 59240
219 519 59238
456 519 59240
220 518 59238
424 518 59240
440 518 59240
149 517 59237
151 517 59237
159 514 59237
353 514 59236
196 512 59238
352 512 59236
54 511 59239
36 510 59239
142 510 59237
73 509 59239
184 508 59238
66 507 59239
229 506 59238
233 506 59238
297 504 59236
150 503 59237
186 503 59238
290 501 59236
245 499 59238
285 497 59236
354 497 59236
218 496 59238
338 490 59236
24 488 59239
21 486 59239
319 486 59236
457 486 59240
461 486 59240
83 485 59239
339 485 59236
442 485 59240
48 484 59239
126 484 59237
359 484 59236
102 483 59237
177 483 59237
141 479 59237
321 477 59236
133 476 59237
272 476 59238
397 476 59240
12 473 59239
349 472 59236
143 470 59237
49 469 59239
92 468 59237
190 466 59238
414 465 59240
377 459 59240
2 458 59239
317 456 59236
441 454 59240
100 453 59237
314 453 59236
35 452 59239
50 452 59239
418 452 59240
437 451 59240
31 450 59239
114 450 59237
130 450 59237
316 449 59236
164 448 59237
360 448 59236
356 447 59236
239 446 59238
106 445 59237
308 445 59236
384 445 59240
278 444 59236
57 443 59239
139 442 59237
435 442 59240
194 441 59238
357 438 59236
358 436 59236
386 436 59240
53 435 59239
304 435 59236
202 433 59238
288 432 59236
455 432 59240
99 431 59237
18 430 59239
104 430 59237
105 430 59237
402 428 59240
235 427 59238
15 426 59239
417 426 59240
71 425 59239
72 425 59239
369 425 59240
26 422 59239
91 422 59237
210 422 59238
254 422 59238
433 422 59240
286 421 59236
144 419 59237
27 418 59239
191 418 59238
255 418 59238
260 418 59238
459 418 59240
183 417 59237
238 417 59238
223 415 59238
364 414 59236
295 411 59236
158 410 59237
416 410 59240
246 409 59238
331 409 59236
248 408 59238
406 408 59240
6 407 59239
25 407 59239
447 407 59240
58 403 59239
425 401 59240
166 398 59237
271 397 59238
343 397 59236
379 396 59240
213 395 59238
135 393 59237
258 393 59238
439 392 59240
108 390 59237
333 390 59236
434 389 59240
7 386 59239
209 385 59238
452 385 59240
298 384 59236
390 384 59240
118 383 59237
165 381 59237
252 381 59238
438 381 59240
20 380 59239
138 378 59237
33 377 59239
280 377 59236
162 372 59237
228 372 59238
9 369 59239
327 369 59236
410 369 59240
136 368 59237
266 368 59238
332 365 59236
345 364 59236
125 362 59237
234 361 59238
265 361 59238
56 358 59239
77 358 59239
247 358 59238
400 358 59240
19 357 59239
398 354 59240
103 352 59237
4 349 59239
430 349 59240
42 347 59239
79 346 59239
374 346 59240
342 345 59236
309 344 59236
200 342 59238
167 341 59237
244 340 59238
0 339 59239
169 339 59237
426 339 59240
153 334 59237
303 334 59236
101 331 59237
257 330 59238
383 325 59240
415 323 59240
381 320 59240
347 319 59236
361 312 59236
411 311 59240
3 310 59239
432 304 59240
168 303 59237
366 303 59236
110 300 59237
132 300 59237
137 299 59237
423 298 59240
419 294 59240
261 293 59238
401 293 59240
147 290 59237
320 290 59236
176 285 59237
251 283 59238
32 282 59239
216 268 59238
70 265 59239
38 255 59239
291 255 59236
197 248 59238
380 243 59240
179 242 59237
324 238 59236
95 233 59237
23 214 59239
413 207 59240
